Mural	Microglia	Glutamatergic Neuron	Endothelial_Stalk	GABAergic Neuron	Choroid_Plexus	Oligodendrocyte	Gja1	Astrocyte	Endothelial_Tip	Polydendrocyte
mean_wt	0.00152965004638521	0.00126951217824292	0.546287950528489	0.0143029016754688	0.295428440115661	0.00153499833388234	0.014682982164696	0.0306968707181809	0.08802696819121	0.00339604091594331	0.00284368513184041
mean_hom	0.00209713337806714	0.00301939777984468	0.574621988453729	0.0154795020955582	0.258439836169585	0.00259680319232319	0.0175959310576809	0.0267564468632628	0.0930752193785381	0.00356175858086749	0.00275598305054408
pValue	0.0230484612025939	0.0373971432127035	0.0621468512666659	0.0957419431285628	0.123066542490694	0.250987361963382	0.28201959551284	0.322784648006766	0.344952578653087	0.712063477036683	0.730811602810862
wt1	0.00124244435486514	0.000484912986120691	0.516362668871943	0.013838369442534	0.345784934827929	2.77387412733443e-05	0.010914774621433	0.0228094596597037	0.0817816337037585	0.00390879922672066	0.0028442635637196
wt2	0.00116393337025499	0.000589777027625038	0.546430752308811	0.0136808106797025	0.299099380179491	0.000986433044915444	0.0132047071900135	0.0361319058406248	0.0835448104700496	0.00255442932215369	0.00261306056635828
wt3	0.00173527471067395	0.00337110413353542	0.582481574877407	0.0141441016809684	0.23407552237954	0.00420883370713345	0.02227579904639	0.0365430499248867	0.0950660930548366	0.00256136180190049	0.00353728468272782
wt4	0.00200241650242552	0.000516460710211318	0.536049690718174	0.0148720357988037	0.310047129667265	0.002144763400127	0.0125691097238955	0.0264269126584671	0.08827283649453	0.00424233981099543	0.00285630451510578
wt5	0.00150418129370644	0.00138530603372213	0.550115065866111	0.0149791907753355	0.28813523352408	0.00030722277596244	0.0144505202417482	0.0315730255072221	0.0914694672328755	0.00371327441794627	0.00236751233129055
hom6	0.00257089365188454	0.00296186221619926	0.563252533594263	0.01774924727442	0.256594280377576	0.00286937740618293	0.0215546302503707	0.0176684784259588	0.10711353747826	0.00437537628166995	0.00328978304321467
hom7	0.00227522192155941	0.00449562183462101	0.587374756572721	0.0159732788355417	0.23294824018259	0.00224088754237778	0.0228142258002901	0.0207980495558832	0.104954698378569	0.00343079197830902	0.00269422739753767
hom8	0.00228345415755803	0.00363627513478239	0.577157927945985	0.0159495412130229	0.247450588423314	0.00351905474981528	0.017869998978678	0.0334891940262406	0.092165528431171	0.00336550462140133	0.00311293231803159
hom9	0.00187336621727763	0.00180594369469627	0.553727430698835	0.0142970575316572	0.298317572477657	0.00169608007181056	0.0136774526946819	0.0259178924421158	0.0823046710122768	0.0040407574558338	0.00234177570315871
hom10	0.00182288276552511	0.00342881560437803	0.599296415379788	0.0143212241409189	0.237403958258642	0.00340221965162544	0.0147228875097412	0.0305168155956276	0.0889595202038313	0.00356162703585663	0.00256363385406595
hom11	0.00175698155459809	0.00178786819439111	0.566922866530781	0.0145866635777888	0.277924377297729	0.00185319973212712	0.0149363911123237	0.0321482511337507	0.0829533607671203	0.0025964941121342	0.00253354598725592
